 n/2 pairs
----------------------------------------------------------------------------------
	PID		Index		Size		Result		Time
	16956		0		2		267		20:15:22
	16957		2		2		215		20:15:24
	16959		6		2		453		20:15:26
	16958		4		2		443		20:15:28
	16961		10		2		169		20:15:30
	16967		22		2		290		20:15:32
	16960		8		2		208		20:15:34
	16965		18		2		446		20:15:36
	16973		34		2		252		20:15:38
	16963		14		2		174		20:15:40
	16964		16		2		180		20:15:42
	16974		36		2		427		20:15:44
	16969		26		2		242		20:15:46
	16968		24		2		142		20:15:48
	16975		38		2		236		20:15:50
	16970		28		2		336		20:15:52
	16971		30		2		322		20:15:54
	16962		12		2		182		20:15:56
	16972		32		2		384		20:15:58
	16966		20		2		319		20:16:00
	16993		40		2		483		20:16:02
	16998		42		2		160		20:16:04
	17003		44		2		149		20:16:06
	17008		46		2		270		20:16:08
	17013		48		2		82		20:16:10
	17016		50		2		387		20:16:12
	17019		52		2		57		20:16:14
	17021		54		2		141		20:16:16
	17026		56		2		149		20:16:18
	17031		58		2		198		20:16:20
	17034		60		2		172		20:16:22
	17037		62		2		189		20:16:24
	17093		0		4		482		20:16:29
	17098		20		4		609		20:16:31
	17097		16		4		626		20:16:33
	17095		8		4		377		20:16:35
	17094		4		4		896		20:16:37
	17099		24		4		384		20:16:39
	17102		36		4		663		20:16:41
	17101		32		4		636		20:16:43
	17107		56		4		347		20:16:45
	17106		52		4		198		20:16:47
	17103		40		4		643		20:16:49
	17100		28		4		658		20:16:51
	17108		60		4		361		20:16:53
	17105		48		4		469		20:16:55
	17104		44		4		419		20:16:57
	17096		12		4		356		20:16:59
	17153		0		8		1378		20:17:04
	17154		8		8		733		20:17:06
	17155		16		8		1235		20:17:08
	17157		32		8		1299		20:17:10
	17159		48		8		667		20:17:12
	17160		56		8		708		20:17:14
	17156		24		8		1042		20:17:16
	17158		40		8		1062		20:17:18
	17209		32		16		2361		20:17:23
	17208		16		16		2277		20:17:25
	17207		0		16		2111		20:17:27
	17210		48		16		1375		20:17:29
	17237		0		32		4388		20:17:34
	17238		32		32		3736		20:17:36
	17247		0		64		8124		20:17:41

Total Time for n/2 Calculations: 143 seconds 960 milliseconds


 n/logn groups
----------------------------------------------------------------------------------
	PID		Index		Size		Result		Time
	17257		0		6		925		20:17:46
	17258		6		6		830		20:17:48
	17259		12		6		536		20:17:50
	17261		24		6		720		20:17:52
	17262		30		6		958		20:17:54
	17260		18		6		1055		20:17:56
	17265		48		6		526		20:17:58
	17266		54		6		488		20:18:00
	17267		60		4		361		20:18:02
	17264		42		6		579		20:18:04
	17263		36		6		1146		20:18:06
	17316		12		12		1591		20:18:11
	17315		0		12		1755		20:18:13
	17317		24		12		1678		20:18:15
	17320		60		4		361		20:18:17
	17319		48		12		1014		20:18:19
	17318		36		12		1725		20:18:21
	17376		24		24		3403		20:18:26
	17375		0		24		3346		20:18:28
	17377		48		16		1375		20:18:30
	17398		48		16		1375		20:18:35
	17397		0		48		6749		20:18:37
	17407		0		64		8124		20:18:42

Total Time for n/2 Calculations: 61 seconds 0 milliseconds
